4.806171182721595869e+02
4.806052702527239830e+02
4.805932888760751780e+02
4.805811721725947336e+02
4.805689181369302219e+02
4.805565247272330680e+02
4.805439898643766696e+02
4.805313114311560412e+02
4.805184872714679045e+02
4.805055151894700316e+02
4.804923929487206919e+02
4.804791182712962154e+02
4.804656888368874661e+02
4.804521022818728966e+02
4.804383561983694904e+02
4.804244481332593182e+02
4.804103755871926182e+02
4.803961360135648420e+02
4.803817268174686319e+02
4.803671453546194812e+02
4.803523889302537668e+02
4.803374547979991576e+02
4.803223401587168269e+02
4.803070421593126298e+02
4.802915578915202559e+02
4.802758843906508446e+02
4.802600186343121891e+02
4.802439575410944599e+02
4.802276979692219356e+02
4.802112367151696617e+02
4.801945705122451500e+02
4.801776960291317664e+02
4.801606098683959658e+02
4.801433085649538839e+02
4.801257885844988778e+02
4.801080463218871159e+02
4.800900780994812180e+02
4.800718801654500680e+02
4.800534486920231529e+02
4.800347797736997677e+02
4.800158694254091074e+02
4.799967135806228953e+02
4.799773080894167379e+02
4.799576487164799232e+02
4.799377311390714453e+02
4.799175509449216293e+02
4.798971036300771402e+02
4.798763845966873305e+02
4.798553891507315257e+02
4.798341124996834424e+02
4.798125497501134760e+02
4.797906959052248226e+02
4.797685458623224690e+02
4.797460944102131748e+02
4.797233362265342862e+02
4.797002658750084265e+02
4.796768778026232098e+02
4.796531663367337046e+02
4.796291256820834406e+02
4.796047499177443001e+02
4.795800329939706330e+02
4.795549687289661165e+02
4.795295508055612004e+02
4.795037727677969883e+02
4.794776280174143608e+02
4.794511098102441338e+02
4.794242112524970594e+02
4.793969252969488934e+02
4.793692447390179154e+02
4.793411622127329110e+02
4.793126701865866721e+02
4.792837609592729677e+02
4.792544266553023249e+02
4.792246592204940612e+02
4.791944504173404198e+02
4.791637918202394530e+02
4.791326748105917659e+02
4.791010905717583910e+02
4.790690300838750204e+02
4.790364841185182172e+02
4.790034432332198548e+02
4.789698977658251238e+02
4.789358378286891593e+02
4.789012533027078575e+02
4.788661338311786153e+02
4.788304688134855951e+02
4.787942473986034884e+02
4.787574584784170497e+02
4.787200906808485570e+02
4.786821323627896163e+02
4.786435716028299225e+02
4.786043961937801328e+02
4.785645936349795875e+02
4.785241511243855257e+02
4.784830555504370295e+02
4.784412934836869340e+02
4.783988511681961882e+02
4.783557145126836758e+02
4.783118690814254705e+02
4.782673000848965330e+02
4.782219923701484277e+02
4.781759304109154414e+02
4.781290982974437611e+02
4.780814797260345586e+02
4.780330579882959228e+02
4.779838159600952281e+02
4.779337360902048886e+02
4.778828003886350189e+02
4.778309904146446456e+02
4.777782872644252166e+02
4.777246715584476533e+02
4.776701234284682869e+02
4.776146225041832167e+02
4.775581478995265456e+02
4.775006781986047031e+02
4.774421914412591832e+02
4.773826651082520698e+02
4.773220761060672999e+02
4.772604007513219244e+02
4.771976147547801475e+02
4.771336932049661641e+02
4.770686105513699431e+02
4.770023405872394164e+02
4.769348564319588490e+02
4.768661305130050323e+02
4.767961345474819268e+02
4.767248395232289795e+02
4.766522156795037972e+02
4.765782324872366189e+02
4.765028586288581778e+02
4.764260619777032275e+02
4.763478095769905849e+02
4.762680676183865103e+02
4.761868014201553478e+02
4.761039754049054977e+02
4.760195530769411221e+02
4.759334969992295896e+02
4.758457687699991538e+02
4.757563289989833493e+02
4.756651372833298410e+02
4.755721521831965788e+02
4.754773311970594136e+02
4.753806307367602813e+02
4.752820061023271023e+02
4.751814114566023477e+02
4.750787997997204002e+02
4.749741229434790739e+02
4.748673314856560523e+02
4.747583747843256674e+02
4.746472009322382632e+02
4.745337567313305840e+02
4.744179876674419916e+02
4.742998378853203576e+02
4.741792501640061346e+02
4.740561658926966402e+02
4.739305250471959425e+02
4.738022661670706839e+02
4.736713263336384898e+02
4.735376411489299926e+02
4.734011447157744783e+02
4.732617696191735490e+02
4.731194469091393557e+02
4.729741060851894190e+02
4.728256750827024462e+02
4.726740802613570622e+02
4.725192463958932194e+02
4.723610966694473063e+02
4.721995526697390915e+02
4.720345343883978444e+02
4.718659602237431727e+02
4.716937469873501527e+02
4.715178099147526041e+02
4.713380626806599594e+02
4.711544174190844956e+02
4.709667847487982613e+02
4.707750738045643288e+02
4.705791922746083173e+02
4.703790464448196644e+02
4.701745412501978194e+02
4.699655803340788793e+02
4.697520661157024620e+02
4.695338998667001533e+02
4.693109817971069901e+02
4.690832111515171619e+02
4.688504863160219998e+02
4.686127049365825314e+02
4.683697640495032601e+02
4.681215602246791718e+02
4.678679897222953059e+02
4.676089486636565766e+02
4.673443332168219513e+02
4.670740397977029374e+02
4.667979652872717793e+02
4.665160072654952614e+02
4.662280642625771065e+02
4.659340360280482969e+02
4.656338238181890574e+02
4.653273307021997880e+02
4.650144618874616071e+02
4.646951250641338902e+02
4.643692307692307963e+02
4.640366927701973623e+02
4.636974284678705089e+02
4.633513593185538184e+02
4.629984112747694098e+02
4.626385152440564070e+02
4.622716075649881873e+02
4.618976304993511803e+02
4.615165327391936785e+02
4.611282699271962997e+02
4.607328051885473883e+02
4.603301096722208285e+02
4.599201630992635046e+02
4.595029543153936515e+02
4.590784818449047862e+02
4.586467544425605070e+02
4.582077916398554294e+02
4.577616242817201737e+02
4.573082950494567740e+02
4.568478589654248481e+02
4.563803838747481336e+02
4.559059508991028338e+02
4.554246548574649296e+02
4.549366046485696984e+02
4.544419235897473186e+02
4.539407497067867894e+02
4.534332359695144987e+02
4.529195504678964426e+02
4.523998765236568147e+02
4.518744127326837088e+02
4.513433729338415219e+02
4.508069861002547896e+02
4.502654961496477313e+02
4.497191616709371829e+02
4.491682555649608730e+02
4.486130645979844758e+02
4.480538888674618079e+02
4.474910411804021351e+02
4.469248463456312948e+02
4.463556403821900176e+02
4.457837696470904802e+02
4.452095898866284074e+02
4.446334652164034651e+02
4.440557670361269516e+02
4.434768728861644718e+02
4.428971652535580006e+02
4.423170303359888180e+02
4.417368567727469326e+02
4.411570343522712960e+02
4.405779527061868066e+02
4.400000000000000000e+02
4.394235616307017835e+02
4.388490189414720248e+02
4.382767479634837855e+02
4.377071181944668865e+02
4.371404914232188048e+02
4.365772206086585925e+02
4.360176488213130597e+02
4.354621082543211514e+02
4.349109193101625692e+02
4.343643897683665500e+02
4.338228140384708809e+02
4.332864725014796932e+02
4.327556309420485263e+02
4.322305400726082780e+02
4.317114351496546760e+02
4.311985356814847137e+02
4.306920452257740521e+02
4.301921512745670952e+02
4.296990252235115122e+02
4.292128224215058481e+02
4.287336822963640657e+02
4.282617285516207630e+02
4.277970694292192206e+02
4.273397980325340200e+02
4.268899927039769295e+02
4.264477174513195337e+02
4.260130224168312338e+02
4.255859443833662681e+02
4.251665073116392932e+02
4.247547229030895437e+02
4.243505911829477668e+02
4.239541010983753608e+02
4.235652311268347034e+02
4.231839498901681509e+02
4.228102167701983944e+02
4.224439825220159150e+02
4.220851898814726724e+02
4.217337741637629733e+02
4.213896638503237568e+02
4.210527811616369718e+02
4.207230426138477242e+02
4.204003595574373549e+02
4.200846386964911403e+02
4.197757825873877096e+02
4.194736901160031266e+02
4.191782569527662758e+02
4.188893759851285949e+02
4.186069377272118004e+02
4.183308307065812528e+02
4.180609418282548404e+02
4.177971567161973780e+02
4.175393600326774504e+02
4.172874357759683903e+02
4.170412675569642147e+02
4.168007388553574515e+02
4.165657332560854798e+02
4.163361346667994667e+02
4.161118275171459118e+02
4.158926969406762737e+02
4.156786289402174361e+02
4.154695105375407138e+02
4.152652299081703404e+02
4.150656765021661272e+02
4.148707411517017931e+02
4.146803161662479624e+02
4.144942954161460875e+02
4.143125744053392054e+02
4.141350503339987199e+02
4.139616221517599683e+02
4.137921906022501730e+02
4.136266582595628734e+02
4.134649295573024688e+02
4.133069108107923739e+02
4.131525102330073196e+02
4.130016379447640134e+02
4.128542059796690182e+02
4.127101282842983778e+02
4.125693207140499794e+02
4.124317010250856583e+02
4.122971888627512840e+02
4.121657057468354424e+02
4.120371750540073776e+02
4.119115219977446714e+02
4.117886736060441990e+02
4.116685586971842667e+02
4.115511078537884373e+02
4.114362533954186461e+02
4.113239293499123050e+02
4.112140714236541044e+02
4.111066169709642963e+02
4.110015049627637040e+02
4.108986759546660892e+02
4.107980720546335078e+02
4.106996368903170946e+02
4.106033155761966782e+02
4.105090546806183625e+02
4.104168021928244343e+02
4.103265074900542118e+02
4.102381213047923438e+02
4.101515956922284545e+02
4.100668839979877021e+02
4.099839408261834706e+02
4.099027220078378946e+02
4.098231845697101221e+02
4.097452867035681265e+02
4.096689877359315233e+02
4.095942480983143241e+02
4.095210292979871838e+02
4.094492938892775555e+02
4.093790054454227629e+02
4.093101285309885498e+02
4.092426286748602706e+02
4.091764723438156466e+02
4.091116269166817574e+02
4.090480606590795105e+02
4.089857426987559847e+02
4.089246430015038527e+02
4.088647323476654378e+02
4.088059823092177112e+02
4.087483652274333963e+02
4.086918541911122702e+02
4.086364230153765789e+02
4.085820462210223809e+02
4.085286990144195443e+02
4.084763572679509593e+02
4.084249975009824425e+02
4.083745968613535524e+02
4.083251331073797132e+02
4.082765845903549007e+02
4.082289302375453985e+02
4.081821495356634273e+02
4.081362225148104130e+02
4.080911297328786986e+02
4.080468522604019768e+02
4.080033716658423941e+02
4.079606700013043223e+02
4.079187297886644501e+02
4.078775340061066572e+02
4.078370660750520074e+02
4.077973098474729454e+02
4.077582495935818656e+02
4.077198699898835343e+02
4.076821561075811928e+02
4.076450934013280971e+02
4.076086676983120469e+02
4.075728651876666504e+02
4.075376724101971035e+02
4.075030762484141746e+02
4.074690639168650250e+02
4.074356229527537607e+02
4.074027412068433023e+02
4.073704068346285680e+02
4.073386082877754575e+02
4.073073343058155160e+02
4.072765739080896878e+02
4.072463163859336532e+02
4.072165512950972470e+02
4.071872684483907960e+02
4.071584579085516111e+02
4.071301099813239261e+02
4.071022152087460881e+02
4.070747643626376657e+02
4.070477484382814168e+02
4.070211586482937491e+02
4.069949864166774773e+02
4.069692233730519320e+02
4.069438613470543373e+02
4.069188923629073997e+02
4.068943086341484445e+02
4.068701025585137927e+02
4.068462667129751367e+02
4.068227938489221742e+02
4.067996768874870668e+02
4.067769089150069135e+02
4.067544831786188979e+02
4.067323930819854354e+02
4.067106321811437510e+02
4.066891941804771591e+02
4.066680729288034399e+02
4.066472624155777567e+02
4.066267567672051655e+02
4.066065502434606742e+02
4.065866372340123576e+02
4.065670122550449719e+02
4.065476699459813972e+02
4.065286050662977573e+02
4.065098124924300578e+02
4.064912872147693861e+02
4.064730243347431724e+02
4.064550190619792716e+02
4.064372667115509898e+02
4.064197627013000442e+02
4.064025025492352370e+02
4.063854818710049699e+02
4.063686963774404717e+02
4.063521418721683176e+02
4.063358142492899105e+02
4.063197094911253657e+02
4.063038236660214579e+02
4.062881529262189133e+02
4.062726935057804099e+02
4.062574417185749667e+02
4.062423939563185513e+02
4.062275466866680631e+02
4.062128964513685219e+02
4.061984398644502221e+02
4.061841736104751135e+02
4.061700944428321804e+02
4.061561991820775575e+02
4.061424847143206307e+02
4.061289479896536250e+02
4.061155860206233683e+02
4.061023958807439840e+02
4.060893747030503960e+02
4.060765196786890670e+02
4.060638280555479014e+02
4.060512971369211073e+02
4.060389242802108356e+02
4.060267068956622438e+02
4.060146424451321536e+02
4.060027284408905643e+02
4.059909624444529186e+02
4.059793420654436318e+02
4.059678649604885550e+02
4.059565288321369394e+02
4.059453314278110838e+02
4.059342705387828687e+02
4.059233439991774617e+02
4.059125496850020909e+02
4.059018855131994314e+02
4.058913494407265148e+02
4.058809394636556362e+02
4.058706536162990233e+02
4.058604899703557862e+02
4.058504466340798444e+02
4.058405217514693391e+02
4.058307135014765663e+02
4.058210200972371808e+02
4.058114397853192372e+02
4.058019708449904783e+02
4.057926115875046662e+02
4.057833603554045681e+02
4.057742155218430753e+02
4.057651754899204661e+02
4.057562386920387212e+02
4.057474035892706183e+02
4.057386686707452554e+02
4.057300324530481817e+02
4.057214934796357966e+02
